首页
量化研究平台
聚宽社区
帮助
JQData本地数据
平台会员
七、数据获取
buoyant
3年前
关注
已点赞 383
1
七、数据获取

有了数据才能够进行因子效果分析和模型搭建，这一部分我们将对各个因子数据进行说明，并解释获取的方法。好的策略好比一道美味的佳肴，这些待选的因子如图普通各种食材被进行挑选，精细加工之后完成它的使命。


再好的厨师如果没有足够且丰富的食材，也无法展示卓越的厨艺，这里我们同样需要获取到足够丰富且多样的因子，用于构建良好的策略。因子可有很多类，作为常见的因子为财务因子、量价因子及其衍生因子。接下来我们来举例说明各种因子的获取方法。


基础财务指标数据是衡量上市公司基本面信息的基础，是因子策略模型非常基础的数据。如18年暴雷的商誉减值风险涉及到的商业数据，及在基础财务指标数据的资产负债表中。这些数据季度更新周期比较长，因子一般基于财务指标的策略作为长周期的策略。

研究
收起 克隆研究 273
本地数据JQData
buoyant
24 文章 999 关注
关注
讨论区
添加新回复
花开月月红

年化29.5%最大回撤仅14%：一个被低估的大盘择时+趋势+风控选股法

发布于 20小时前 · IP 属地湖南省
回复
沁沁过

看不懂哦？

发布于 9天前 · IP 属地浙江省
回复
YUHK

etf轮动，少因子，无未来，可分时间段检测过拟合

发布于 21天前 · IP 属地北京
回复
文峰研究

学习

发布于 29天前 · IP 属地广东省
回复
晓风拂月

ETF 轮到效果确实不错，上**

发布于 1个月前 · IP 属地上海
回复
南山屾

学习

发布于 1个月前 · IP 属地四川省
回复
区区乱星海散修

有点难的

发布于 1个月前 · IP 属地上海
回复
1mm

没看懂 第一天

发布于 1个月前 · IP 属地湖北省
回复
就爱上的科技暗示大家可

学习

发布于 1个月前 · IP 属地辽宁省
回复
自由的睡觉

学习

发布于 2个月前 · IP 属地四川省
回复
小白桃

+1，你们还在学吗？@曼成

发布于 2个月前 · IP 属地广东省
回复
zshgreat

我现在了解因子是什么了，是用来做统计的数据，写了这个代码就可以把这些数据扒过来。值得学习。感谢

发布于 3个月前 · IP 属地上海
回复
Dqh130217

学习了

发布于 3个月前 · IP 属地重庆
回复
道法自然翰

这个好

发布于 3个月前 · IP 属地重庆
回复
听博弈梦未名

蚂蚁搬家，耐心学习

发布于 3个月前 · IP 属地福建省
回复
Milo3637

学习

发布于 4个月前 · IP 属地四川省
回复
gzglenn

看不懂

发布于 4个月前 · IP 属地广东省
回复
花生逗豆豆

第一次来，还看不懂

发布于 4个月前 · IP 属地甘肃省
回复
高大尚

受教了

发布于 4个月前 · IP 属地辽宁省
回复
小飞侠@黑曼巴

学习了，有点看不懂

发布于 4个月前 · IP 属地广东省
回复
共 93 条
12345
添加回测
发送
取消

课程代码
因子数据获取
因子数据处理
有效性分析
因子数据获取
财务因子
聚宽因子库因子
技术指标因子
因子分析方式获取数据
#参数及工具函数部分
import pandas as pd
import numpy as np
from jqfactor import *
import warnings  
展开代码 ↓    
DatetimeIndex(['2018-08-15', '2018-08-16', '2018-08-17', '2018-08-20',
               '2018-08-21', '2018-08-22', '2018-08-23', '2018-08-24',
               '2018-08-27', '2018-08-28',
               ...
               '2019-01-28', '2019-01-29', '2019-01-30', '2019-01-31',
展开输出 ↓    
第一部分：基础财务因子获取示例

财务数据介绍https://www.joinquant.com/help/api/help?name=Stock#%E5%B8%82%E5%80%BC%E6%95%B0%E6%8D%AE

import pandas as pd
import numpy as np
from jqfactor import *
from jqdata import *

展开代码 ↓    
.dataframe tbody tr th:only-of-type { vertical-align: middle; } .dataframe tbody tr th { vertical-align: top; } .dataframe thead th { text-align: right; }
	000001.XSHE	000002.XSHE	000060.XSHE	000063.XSHE	000069.XSHE	000100.XSHE	000157.XSHE	000166.XSHE	000333.XSHE	000338.XSHE	000402.XSHE	000408.XSHE	000413.XSHE	000415.XSHE	000423.XSHE	000425.XSHE	000503.XSHE	000538.XSHE	000540.XSHE	000553.XSHE	000559.XSHE	000568.XSHE	000623.XSHE	000625.XSHE	000627.XSHE	000630.XSHE	000651.XSHE	000661.XSHE	000671.XSHE	000703.XSHE	000709.XSHE	000723.XSHE	000725.XSHE	000728.XSHE	000768.XSHE	000776.XSHE	000783.XSHE	000786.XSHE	000792.XSHE	000826.XSHE	...	601688.XSHG	601718.XSHG	601727.XSHG	601766.XSHG	601788.XSHG	601800.XSHG	601808.XSHG	601818.XSHG	601828.XSHG	601838.XSHG	601857.XSHG	601866.XSHG	601877.XSHG	601878.XSHG	601881.XSHG	601888.XSHG	601898.XSHG	601899.XSHG	601901.XSHG	601919.XSHG	601933.XSHG	601939.XSHG	601958.XSHG	601985.XSHG	601988.XSHG	601989.XSHG	601991.XSHG	601992.XSHG	601997.XSHG	601998.XSHG	603156.XSHG	603160.XSHG	603259.XSHG	603260.XSHG	603288.XSHG	603799.XSHG	603833.XSHG	603858.XSHG	603986.XSHG	603993.XSHG
2018-12-10	7.1298	8.9183	15.0669	-12.7378	5.3492	10.0539	20.9578	22.8616	12.1992	7.3185	7.6348	NaN	14.0161	7.3987	14.3910	14.8112	293.7916	24.2678	6.6154	NaN	18.2078	18.6877	12.5081	11.8633	19.1778	26.1955	7.6817	NaN	7.2982	NaN	10.5012	10.2791	21.1697	39.2415	68.5084	15.6583	49.2145	9.3443	-4.9878	12.1585	...	15.3927	39.8467	24.8975	22.9419	23.2988	8.7676	-644.9152	5.9041	7.4967	6.6709	26.0423	24.0299	13.3413	31.7508	30.4484	34.5670	15.4109	17.1523	76.0577	51.9464	50.7638	6.4284	66.0997	19.6933	5.8330	84.5423	30.0884	12.3249	4.9756	6.0857	NaN	78.6433	NaN	11.0541	43.0098	10.3692	21.5651	13.7206	NaN	16.3388
2018-12-11	7.1719	9.2643	15.1769	-12.9285	5.4677	10.0956	20.9000	22.8616	12.1927	7.3575	7.7037	NaN	14.0447	7.4568	14.5752	14.9007	290.8397	24.6561	6.6154	NaN	18.3062	18.7806	12.6002	11.9983	19.3096	26.4536	7.7525	NaN	7.5526	NaN	10.4658	10.3084	21.3254	39.1891	68.9405	15.8025	48.2495	9.3024	-5.0927	12.1021	...	15.5477	39.6253	24.9474	22.8921	23.3947	8.7676	-638.1195	5.9041	7.5230	6.7191	25.9056	24.1335	13.7173	31.9147	30.8182	34.9895	15.4109	17.2515	76.3431	51.8168	50.8965	6.4578	66.3175	19.7305	5.8330	84.7417	29.8018	12.0047	5.0164	6.0967	NaN	79.4369	NaN	11.1380	43.7566	10.3845	22.0973	13.7514	NaN	16.5445
2018-12-12	7.1789	9.3998	15.2135	-12.7124	5.5315	10.1374	21.0155	22.8616	12.4231	7.3965	7.7840	NaN	14.1877	7.5537	14.4136	14.9902	289.2860	24.5383	6.6154	NaN	18.6343	19.1256	12.6504	12.1719	19.4414	26.4536	7.7911	NaN	7.4990	NaN	10.5012	10.0995	21.3254	39.4514	69.2286	15.8867	48.8636	9.3443	-5.2038	12.1810	...	15.7483	40.0681	25.0472	23.0416	23.3227	8.8645	-640.1582	5.9196	7.5427	6.7031	26.1107	24.3407	13.9112	32.4063	30.8593	35.9633	15.4424	17.0036	76.4858	51.5577	51.7591	6.5068	66.4264	19.7305	5.8657	84.9411	29.7063	12.0688	5.0254	6.1077	NaN	81.4983	NaN	11.1044	44.0186	10.4457	22.8347	13.6023	NaN	16.8326
2018-12-13	7.2840	9.6674	15.3968	-12.8395	5.6773	10.1791	21.4197	23.0178	13.2065	7.5232	7.9563	NaN	14.2449	7.6118	14.6173	15.3481	296.8988	25.2321	6.6154	NaN	18.6999	19.4750	12.7424	12.4420	19.5732	26.5827	8.1041	NaN	7.7401	NaN	10.5367	10.1864	21.6367	39.7137	70.0447	16.0669	49.3023	9.6436	-5.1483	12.3276	...	16.0493	39.6253	25.2468	23.9632	23.6104	9.2295	-646.9540	5.9661	7.5756	6.7834	26.3499	24.5478	14.0404	33.0618	31.0237	36.6263	15.5054	17.0036	76.9139	52.3350	51.7591	6.5950	66.5353	19.9911	5.8820	85.5393	29.9929	12.1968	5.0662	6.1296	NaN	85.5284	NaN	11.2122	45.7020	10.5652	24.0828	13.6949	NaN	17.0796
2018-12-14	7.1298	9.4391	15.0669	-12.4899	5.5770	10.2208	21.1887	22.1325	13.0847	7.5037	7.8185	NaN	13.7586	7.5149	14.5558	15.2139	290.8397	25.1430	6.6154	NaN	18.0438	19.1079	12.4579	12.5192	19.4414	26.1955	8.0033	NaN	7.6463	NaN	10.3948	10.1285	21.2476	38.0874	68.1724	15.6583	47.7232	9.4640	-5.0495	12.1810	...	15.5021	38.0757	24.9474	23.4401	22.8194	9.2146	-638.1195	5.9041	7.4375	6.6548	26.2816	24.7550	14.0757	32.6931	29.8732	35.5996	15.4424	16.7557	74.4881	51.4282	50.4320	6.4774	65.1196	19.8422	5.8494	83.9442	29.8018	12.0047	4.9802	6.0857	NaN	85.0852	NaN	11.0829	45.5776	10.2283	23.4128	13.3760	NaN	16.7915
2018-12-17	7.2139	9.4605	NaN	-12.2357	5.5953	10.2208	21.3619	21.9763	12.9893	7.6596	7.9677	17.8941	13.6156	7.5149	14.2940	15.3481	281.8286	24.6338	NaN	9.6828	NaN	18.8602	NaN	12.3455	19.3755	26.1955	7.9454	29.6042	7.5258	11.3683	10.4303	NaN	21.1697	38.5070	69.2766	15.7905	47.7232	9.5777	-4.9446	11.9893	...	15.5933	NaN	24.8476	23.3903	22.6995	9.3561	-634.7216	5.9351	7.4178	6.6870	26.3841	NaN	13.8054	33.1438	29.9142	35.6641	15.2848	16.9045	74.9161	51.9464	49.9675	6.5264	NaN	20.0284	5.8984	84.3429	29.8018	12.4209	4.9575	6.1077	13.2780	79.5606	43.6298	10.8865	45.8527	10.4549	23.2994	13.4840	46.3477	17.0796
2018-12-18	7.0947	9.0966	NaN	-12.1403	5.4859	10.1374	21.0155	21.8721	12.7753	7.6109	7.7037	17.4930	13.5298	7.3987	13.8704	15.1692	273.7497	24.3314	NaN	9.5058	NaN	18.9663	NaN	12.5770	19.2766	26.0665	7.8897	29.5321	7.3919	11.4242	10.3593	NaN	21.0141	38.1398	68.9405	15.5502	47.1968	9.2186	-4.9199	11.8201	...	15.2377	NaN	24.8476	23.1412	22.4359	9.2295	-627.9259	5.8731	7.3126	6.6548	26.0765	NaN	13.9523	32.3654	29.6677	35.2300	15.1273	16.9540	74.3454	51.9464	48.5076	6.4774	NaN	19.6561	5.8657	84.3429	29.7063	11.9407	4.9213	6.0528	13.3236	79.1792	43.9972	10.8362	44.8701	10.5345	23.6830	13.3092	45.8457	17.0796
2018-12-19	6.9686	9.0538	NaN	-12.0895	5.5406	10.0956	21.0732	21.6638	12.5910	7.6401	7.5659	17.3388	13.5012	7.3794	13.5406	15.1244	272.9729	23.5198	NaN	9.2994	NaN	18.2675	NaN	12.3648	19.2107	25.9375	7.8104	28.3522	7.3651	11.0888	10.3593	NaN	20.8584	38.4546	68.3164	15.4540	46.9336	9.1527	-4.8211	11.6622	...	15.0006	NaN	24.8476	22.9918	22.1962	9.1922	-614.3344	5.8576	7.3126	6.6227	25.5297	NaN	13.6292	32.0376	29.2979	34.7020	15.0327	16.9540	73.6319	52.0759	49.0385	6.4088	NaN	19.5444	5.8494	83.5454	29.8973	11.8127	4.8987	6.0309	13.1324	80.4882	42.9340	10.6876	43.8745	10.3508	22.5079	13.0520	45.2969	16.8326
2018-12-20	6.8073	9.0253	NaN	-12.3056	5.5133	10.0539	20.8423	22.0283	12.6173	7.5816	7.5889	17.2616	13.5298	7.3406	13.2561	15.1244	272.9729	23.0265	NaN	9.2994	NaN	18.1569	NaN	12.4613	19.0130	25.9375	7.7825	28.4965	7.2982	11.1820	10.2529	NaN	20.7806	39.2415	67.0202	15.4180	47.4600	9.0390	-4.9137	11.8201	...	15.1283	NaN	24.7478	22.6430	22.2681	8.8421	-609.5774	5.7337	7.3060	6.5745	25.3930	NaN	14.0052	32.3654	29.6677	34.5377	15.0327	16.7062	74.2027	52.0759	48.8394	6.2716	NaN	19.6189	5.8167	82.7478	29.8018	11.8767	4.8760	5.9651	13.1354	81.4571	42.6613	10.7595	43.8548	10.3171	22.3944	13.1292	45.5847	16.6680
2018-12-21	6.6250	8.6507	NaN	-12.2293	5.3948	10.0122	21.0732	21.5597	12.4823	7.6109	7.5774	17.1228	13.4440	7.3406	12.8649	14.9007	273.4390	22.6764	NaN	9.1913	NaN	17.5509	NaN	12.3455	18.8483	25.8084	7.7332	28.2129	7.1375	11.0236	10.2529	NaN	20.2358	39.0841	65.6759	15.0935	46.9336	8.7397	-4.8149	11.7186	...	14.5538	NaN	24.9474	22.5932	21.8366	8.7974	-602.7817	5.6562	7.2271	6.5584	25.2905	NaN	13.6644	31.8737	29.1335	34.1564	15.0327	16.7557	73.0611	52.2055	49.9675	6.1736	NaN	19.5444	5.8330	81.3521	29.6108	11.5246	4.8443	5.9322	12.9473	80.2821	42.1380	10.7595	42.9050	9.8853	22.1756	13.0006	44.8217	16.1741
2018-12-24	6.6040	8.5187	NaN	-12.8776	5.4130	10.0122	21.1887	21.6117	12.4231	7.5621	7.6807	17.0302	13.4726	7.3600	13.1817	14.9454	263.9618	23.8572	NaN	9.2404	NaN	17.7632	NaN	12.6542	18.8153	25.9375	7.7568	29.7435	7.0437	10.9397	10.2884	NaN	20.3914	38.5595	66.0120	15.0214	45.8809	8.7397	-4.8211	11.7863	...	14.5173	NaN	24.7977	22.8423	21.6688	8.7229	-606.1795	5.6407	7.3060	6.5825	25.3588	NaN	13.7996	30.8905	28.3939	34.7606	15.0012	16.8053	72.7757	52.0759	50.6974	6.1736	NaN	19.7305	5.8657	84.1435	29.6108	11.4925	4.8579	6.0090	13.1718	82.6218	42.4720	10.8505	43.2257	9.9037	22.6916	13.0932	45.2501	16.2564
2018-12-25	6.5479	8.5508	NaN	-12.9412	5.3675	10.0539	20.8423	21.1951	12.3046	7.4647	7.5315	16.9223	13.2723	7.1469	13.1332	14.6769	253.2418	23.8795	NaN	9.1224	NaN	17.9269	NaN	12.6156	18.5847	25.6794	7.6924	30.2151	6.9366	10.7254	10.1110	NaN	20.0801	36.8807	65.1958	14.9493	44.3019	8.6978	-4.6730	11.5607	...	14.3440	NaN	24.2988	22.4936	20.9737	8.4920	-593.9472	5.6252	7.2008	6.5262	24.8462	NaN	13.7643	29.8253	27.5721	34.7900	14.6545	16.8053	71.7768	51.2987	51.7591	6.1540	NaN	19.6189	5.8984	83.7448	29.4197	11.2685	4.8398	5.9103	13.2538	80.0038	42.4776	10.6948	42.6494	9.4994	22.3620	13.0726	44.7079	16.0095
2018-12-26	6.5199	8.4902	NaN	-12.6234	5.5497	10.0122	20.6691	20.8827	12.2223	7.4062	7.5085	17.0302	13.0721	7.0114	12.9748	14.4980	249.5131	23.8763	NaN	9.1224	NaN	17.5553	NaN	12.6928	18.4858	25.4213	7.6924	29.8728	6.9768	10.7067	10.0400	NaN	20.4693	36.4086	64.1877	14.7811	43.8632	8.5302	-4.5063	11.6847	...	14.3258	NaN	24.3986	22.3192	20.6141	8.3877	-593.2677	5.6407	7.2271	6.4860	24.7778	NaN	14.0404	29.3337	27.5721	34.2561	14.4339	16.7062	72.7757	51.5577	51.6264	6.1638	NaN	19.5444	5.9311	83.3460	29.1332	11.4605	4.8262	5.9103	13.0414	79.9935	42.1269	10.6613	42.7215	9.3004	22.0216	13.1137	43.5032	15.8037
2018-12-27	6.5059	8.3618	NaN	-12.6488	5.6135	10.0956	20.6691	20.7785	12.1459	7.4355	7.3937	16.7371	12.9863	7.0114	12.8811	14.3637	244.5415	23.9304	NaN	8.9750	NaN	17.7367	NaN	12.4999	18.4858	25.4213	7.6496	29.5186	6.9232	12.2275	10.0400	NaN	20.4693	35.6741	63.2755	14.9133	43.9509	8.3925	-4.4631	11.5043	...	14.4717	NaN	24.5981	21.9456	20.5662	8.3356	-589.1902	5.6562	7.1350	6.4378	24.6753	NaN	14.0757	28.8011	27.5310	34.5494	14.5600	16.4583	73.3465	51.9464	51.7591	6.1638	NaN	19.5816	5.9311	84.9411	29.5153	11.3005	4.7900	5.8884	12.7501	81.9415	41.6371	10.5152	44.5616	9.1167	21.8271	12.9903	41.6962	15.4745
2018-12-28	6.5760	8.4973	NaN	-12.4518	5.7866	10.2208	20.5536	21.1951	12.1670	7.5037	7.3937	17.3079	12.8719	6.9726	12.7873	14.4532	246.7165	23.5389	NaN	8.9750	NaN	17.9844	NaN	12.7121	18.4858	25.4213	7.6517	29.3709	6.9500	12.2275	10.0755	NaN	20.4693	36.6184	63.5635	15.2377	45.1792	8.2368	-4.3088	11.7186	...	14.7726	NaN	24.6480	22.4687	21.0216	8.3877	-580.3558	5.7337	7.2600	6.4700	24.6411	NaN	14.2402	29.7434	28.0241	35.3180	14.6545	16.5574	75.7723	52.3350	52.2236	6.2422	NaN	19.6189	5.8984	84.7417	30.0884	11.2044	4.8353	5.9761	12.6166	81.1170	41.6705	10.4912	45.0527	9.2208	21.5354	13.0006	41.7096	15.4745
2019-01-02	6.4428	8.5259	NaN	-12.4327	5.4404	10.4711	20.0340	21.0389	12.0283	7.3672	7.2789	17.2462	12.7861	6.8370	12.7873	14.4085	240.8127	22.8929	NaN	8.9258	NaN	17.5155	NaN	12.7699	18.4858	25.1632	7.6753	28.5485	6.8964	12.2063	10.1110	NaN	20.0801	36.7758	63.6115	14.7090	44.8283	8.2967	-4.2594	11.6284	...	14.7909	NaN	24.6980	22.0203	20.9737	8.2685	-568.8030	5.6562	7.0824	6.3735	24.4702	NaN	13.8348	29.3746	27.9830	35.0833	14.5915	14.9215	75.6296	52.8532	52.4227	6.1246	NaN	19.6189	5.7840	84.9411	29.8973	10.7563	4.7855	5.8445	12.6621	75.1904	40.0450	10.3379	44.0966	8.9788	20.8843	12.8412	40.0230	15.2687
2019-01-03	6.5059	8.5865	NaN	-11.9369	5.4495	10.5545	20.3227	21.5076	11.9491	7.2990	7.1526	17.0611	12.8433	6.8951	12.6256	14.3190	234.1321	22.2754	NaN	8.9652	NaN	16.8653	NaN	12.9242	18.3211	25.2922	7.7010	28.1827	6.9366	12.1320	10.1465	NaN	20.0801	37.7726	65.8199	14.8171	47.1091	8.1111	-4.1483	11.5607	...	15.1009	NaN	24.9474	22.5185	21.4051	8.2387	-561.3277	5.8111	6.9114	6.4057	24.6411	NaN	13.2238	29.9072	28.4761	33.4289	14.7176	15.1198	83.1926	54.4077	52.4227	6.1344	NaN	19.6561	5.8003	86.7356	29.8973	10.5002	4.8036	5.8555	12.6742	74.6441	39.8669	10.0840	42.5643	9.0003	20.4981	12.7795	39.6214	15.3922
2019-01-04	6.7456	8.8933	NaN	-12.2039	5.5862	10.7214	20.5536	23.0178	12.2099	7.4160	7.4281	17.2616	13.1579	7.1663	12.8843	14.5427	245.3183	22.5810	NaN	9.1519	NaN	17.2369	NaN	13.2908	18.7494	25.8084	7.8575	28.9514	7.1375	12.3655	10.2884	NaN	20.4693	41.5498	66.7321	15.8867	50.7937	8.3326	-4.2038	11.8765	...	16.1313	NaN	25.4464	22.8921	23.3467	8.4175	-567.4439	5.9506	7.0364	6.6146	24.9145	NaN	13.1592	32.8980	31.2702	33.4993	14.9382	15.2685	91.4690	55.5735	52.5554	6.2324	NaN	19.8422	5.8494	89.9259	30.3749	10.7242	4.9304	5.9651	12.7804	74.7266	40.4069	10.3140	42.8786	9.2545	20.9789	13.1035	40.6454	15.7626
2019-01-07	6.7386	8.9361	NaN	-12.7251	5.6408	11.0969	20.8423	22.8095	12.2099	7.4055	7.6463	17.2925	13.3296	7.2050	12.9651	14.6769	249.2024	23.0424	NaN	9.2011	NaN	17.1263	NaN	13.8887	18.7494	26.1955	7.8211	29.4515	7.1643	12.9068	10.3948	NaN	20.7028	40.9728	68.6525	16.0309	49.9164	8.4224	-4.1236	11.9780	...	16.1222	NaN	25.7457	22.9918	23.2269	8.4846	-573.5600	5.9506	7.1153	6.6066	25.0171	NaN	13.5528	32.8980	31.0237	34.0860	15.0957	15.2685	100.6017	56.4803	52.7545	6.2128	NaN	20.2517	5.8330	92.3186	30.7570	10.9163	4.9258	5.9432	12.8775	76.2211	40.1953	10.4314	43.4483	9.3586	21.8487	13.2217	42.0977	16.0095
2019-01-08	6.6833	8.9183	NaN	-12.6488	5.5770	11.8478	20.9578	22.9136	12.1670	7.4055	7.6692	17.1074	14.0161	7.3600	13.0492	14.5874	247.6487	23.6121	NaN	9.0635	NaN	17.1484	NaN	13.8309	18.5517	26.0665	7.7911	29.4549	7.1509	13.1934	10.4303	NaN	21.0919	41.0252	67.8843	15.9588	50.0041	8.4583	-4.0557	11.8878	...	16.1861	NaN	25.6460	23.1661	23.2029	8.4771	-574.2396	5.9196	7.0890	6.5182	25.0512	NaN	13.4001	32.9799	31.0648	34.9660	15.0642	15.0702	105.1680	57.9053	53.5508	6.2128	NaN	20.1773	5.7840	90.3247	30.8525	10.8843	4.8896	5.9542	12.8047	76.8910	39.8224	10.3643	42.7935	9.2269	21.6191	13.1806	40.9600	15.8449
2019-01-09	6.8770	9.0360	NaN	-12.6615	5.6864	11.7643	21.0155	22.9136	12.8733	7.5022	7.8529	17.1691	13.8444	7.3019	13.1235	14.6769	246.7165	23.6503	NaN	9.1519	NaN	17.4669	NaN	14.3710	18.6506	26.0665	8.0419	30.0137	7.1910	13.4163	10.4303	NaN	20.9363	40.7104	67.3082	16.1631	49.6532	8.4463	-4.0742	11.8765	...	16.3684	NaN	25.3466	22.8423	23.2988	8.4324	-577.6375	5.9971	7.1350	6.5584	25.0512	NaN	13.5763	33.1028	31.0648	35.7287	15.1273	15.1694	105.5961	59.4598	53.4844	6.2814	NaN	20.0656	5.8003	89.1284	30.5660	10.9483	4.9077	6.0090	12.8654	76.8292	40.3454	10.4194	44.3389	8.9788	22.2783	13.1600	41.5757	15.8860
2019-01-10	6.9877	8.9575	NaN	-12.7569	5.7137	11.2220	20.9000	22.5491	12.7840	7.5602	7.7840	17.3079	13.8730	7.2631	12.9231	14.5874	240.8127	23.4371	NaN	9.2502	NaN	17.1661	NaN	14.2360	18.3211	25.8084	8.0955	29.7234	7.0839	13.4057	10.6431	NaN	20.7806	40.3432	67.3562	15.8867	48.6882	8.5062	-4.1606	11.8201	...	15.9854	NaN	25.4464	22.5185	22.8913	8.2983	-578.3170	5.9506	7.0232	6.4459	25.1196	NaN	14.0110	32.5702	30.5306	35.2593	15.0642	15.2190	98.6039	59.0712	53.2190	6.2128	NaN	20.0284	5.7513	88.7296	30.4705	11.0124	4.8760	5.9432	12.7713	76.6849	40.4517	10.2709	43.5924	8.9758	22.7591	13.0675	40.9064	15.6391
#聚宽API方式获取连续多期财务数据
#注意设置获取数据字段、设置长度
factor_pb_pl = get_fundamentals_continuously(query(valuation.code,valuation.pb_ratio).filter(valuation.code.in_(pool)),end_date=date_end,count=28)
factor_pb_df1 = factor_pb_pl.iloc[1,:,:]
factor_pb_df1.head(5)

.dataframe thead tr:only-child th { text-align: right; } .dataframe thead th { text-align: left; } .dataframe tbody tr th { vertical-align: top; }
code	600000.XSHG	600016.XSHG	600019.XSHG	600028.XSHG	600029.XSHG	600030.XSHG	600036.XSHG	600048.XSHG	600050.XSHG	600104.XSHG	...	601766.XSHG	601800.XSHG	601818.XSHG	601857.XSHG	601888.XSHG	601939.XSHG	601988.XSHG	601989.XSHG	603259.XSHG	603993.XSHG
day																					
2019-01-02	0.6692	0.6162	0.8272	0.8398	1.2193	1.2696	1.2606	1.2923	1.1515	1.2782	...	2.0374	1.0614	0.6864	1.0761	7.3637	0.8481	0.7046	1.1491	7.7185	1.9416
2019-01-03	0.6768	0.6184	0.8376	0.8448	1.2415	1.2696	1.2765	1.3133	1.1471	1.2549	...	2.0835	1.0576	0.7052	1.0836	7.0164	0.8494	0.7066	1.1734	7.6841	1.9573
2019-01-04	0.6199	0.6304	0.8481	0.8548	1.2675	1.2696	1.3088	1.3497	1.1582	1.2534	...	2.1181	1.0805	0.7221	1.0957	7.0312	0.8630	0.7126	1.2166	7.7882	2.0044
2019-01-07	0.6212	0.6282	0.8559	0.8682	1.3027	1.2696	1.3093	1.3420	1.1738	1.2458	...	2.1273	1.0891	0.7221	1.1002	7.1544	0.8603	0.7106	1.2489	7.7474	2.0358
2019-01-08	0.6199	0.6271	0.8650	0.8783	1.2804	1.2696	1.2939	1.3232	1.1694	1.2306	...	2.1435	1.0882	0.7184	1.1017	7.3391	0.8603	0.7046	1.2220	7.6755	2.0149

5 rows × 50 columns

第二部分：聚宽因子库因子获取示例

聚宽因子库介绍：https://www.joinquant.com/help/api/help?name=factor_values

#取值函数
#注意因子设置，和时间设置
#这里我们获取roe_ttm数据和营业利润ttm
pool = get_index_stocks('000016.XSHG') #股票池设置
#聚宽因子值获取
展开代码 ↓    
.dataframe tbody tr th:only-of-type { vertical-align: middle; } .dataframe tbody tr th { vertical-align: top; } .dataframe thead th { text-align: right; }
code	600000.XSHG	600016.XSHG	600019.XSHG	600028.XSHG	600029.XSHG	600030.XSHG	600036.XSHG	600048.XSHG	600050.XSHG	600104.XSHG	600196.XSHG	600276.XSHG	600309.XSHG	600340.XSHG	600519.XSHG	600547.XSHG	600585.XSHG	600606.XSHG	600690.XSHG	600703.XSHG	600887.XSHG	601006.XSHG	601088.XSHG	601138.XSHG	601166.XSHG	601169.XSHG	601186.XSHG	601211.XSHG	601229.XSHG	601288.XSHG	601318.XSHG	601328.XSHG	601336.XSHG	601360.XSHG	601390.XSHG	601398.XSHG	601601.XSHG	601628.XSHG	601668.XSHG	601688.XSHG	601766.XSHG	601800.XSHG	601818.XSHG	601857.XSHG	601888.XSHG	601939.XSHG	601988.XSHG	601989.XSHG	603259.XSHG	603993.XSHG
2019-01-02	0.121788	0.125396	0.136714	0.10924	0.04371	0.072407	0.149442	0.133401	0.017872	0.185559	0.095899	0.207101	0.399699	0.170135	0.322318	0.048993	0.256622	0.162364	0.191285	0.158223	0.230468	0.132737	0.136524	NaN	0.13282	0.105181	0.099572	0.064844	0.113611	0.125267	0.175648	0.106768	0.120745	0.279774	0.083664	0.130865	0.114373	0.077102	0.128087	0.085247	0.092202	0.103258	0.107698	0.049617	0.225774	0.132139	0.114026	0.002231	NaN	0.119935
2019-01-03	0.121788	0.125396	0.136714	0.10924	0.04371	0.072407	0.149442	0.133401	0.017872	0.185559	0.095899	0.207101	0.399699	0.170135	0.322318	0.048993	0.256622	0.162364	0.191285	0.158223	0.230468	0.132737	0.136524	NaN	0.13282	0.105181	0.099572	0.064844	0.113611	0.125267	0.175648	0.106768	0.120745	0.279774	0.083664	0.130865	0.114373	0.077102	0.128087	0.085247	0.092202	0.103258	0.107698	0.049617	0.225774	0.132139	0.114026	0.002231	NaN	0.119935
2019-01-04	0.121788	0.125396	0.136714	0.10924	0.04371	0.072407	0.149442	0.133401	0.017872	0.185559	0.095899	0.207101	0.399699	0.170135	0.322318	0.048993	0.256622	0.162364	0.191285	0.158223	0.230468	0.132737	0.136524	NaN	0.13282	0.105181	0.099572	0.064844	0.113611	0.125267	0.175648	0.106768	0.120745	0.279774	0.083664	0.130865	0.114373	0.077102	0.128087	0.085247	0.092202	0.103258	0.107698	0.049617	0.225774	0.132139	0.114026	0.002231	NaN	0.119935
2019-01-07	0.121788	0.125396	0.136714	0.10924	0.04371	0.072407	0.149442	0.133401	0.017872	0.185559	0.095899	0.207101	0.399699	0.170135	0.322318	0.048993	0.256622	0.162364	0.191285	0.158223	0.230468	0.132737	0.136524	NaN	0.13282	0.105181	0.099572	0.064844	0.113611	0.125267	0.175648	0.106768	0.120745	0.279774	0.083664	0.130865	0.114373	0.077102	0.128087	0.085247	0.092202	0.103258	0.107698	0.049617	0.225774	0.132139	0.114026	0.002231	NaN	0.119935
2019-01-08	0.121788	0.125396	0.136714	0.10924	0.04371	0.072407	0.149442	0.133401	0.017872	0.185559	0.095899	0.207101	0.399699	0.170135	0.322318	0.048993	0.256622	0.162364	0.191285	0.158223	0.230468	0.132737	0.136524	NaN	0.13282	0.105181	0.099572	0.064844	0.113611	0.125267	0.175648	0.106768	0.120745	0.279774	0.083664	0.130865	0.114373	0.077102	0.128087	0.085247	0.092202	0.103258	0.107698	0.049617	0.225774	0.132139	0.114026	0.002231	NaN	0.119935
第三部分：技术指标数据获取方式示例

技术指标因子介绍：https://www.joinquant.com/data/dict/technicalanalysis

以BIAS乖离率示例（乖离率指标用于衡量偏离股价均线程度的指标）

from jqlib.technical_analysis import * 
#技术指标获取
def get_technical_factor(stockPool,date_start, date_end):
    #获取股票池函数
    def get_stock(stockPool, begin_date):
展开代码 ↓    
.dataframe tbody tr th:only-of-type { vertical-align: middle; } .dataframe tbody tr th { vertical-align: top; } .dataframe thead th { text-align: right; }
	600000.XSHG	600016.XSHG	600019.XSHG	600028.XSHG	600029.XSHG	600030.XSHG	600036.XSHG	600048.XSHG	600050.XSHG	600104.XSHG	600196.XSHG	600276.XSHG	600309.XSHG	600340.XSHG	600519.XSHG	600547.XSHG	600585.XSHG	600606.XSHG	600690.XSHG	600703.XSHG	600887.XSHG	601006.XSHG	601088.XSHG	601138.XSHG	601166.XSHG	601169.XSHG	601186.XSHG	601211.XSHG	601229.XSHG	601288.XSHG	601318.XSHG	601328.XSHG	601336.XSHG	601360.XSHG	601390.XSHG	601398.XSHG	601601.XSHG	601628.XSHG	601668.XSHG	601688.XSHG	601766.XSHG	601800.XSHG	601818.XSHG	601857.XSHG	601888.XSHG	601939.XSHG	601988.XSHG	601989.XSHG	603259.XSHG	603993.XSHG
2018-12-17	0.323510	-2.539981	-2.385672	0.868936	-1.864006	-0.449482	-0.968495	0.003663	-1.339764	0.478277	-8.413137	-8.372434	3.096528	6.663560	2.340536	4.979986	0.241233	0.671901	2.847543	-2.726493	-2.136171	1.434538	1.853374	1.751894	-0.239621	0.015929	7.458493	1.145229	2.184107	-0.172620	-3.227335	-1.323854	-2.214497	-3.048318	2.328767	0.204372	-1.764491	-0.693423	9.126788	-0.592404	5.584708	4.290064	-0.593252	0.683145	6.133970	-0.235395	0.132083	-0.078740	-2.975036	3.087296
2018-12-18	-1.495518	-3.404623	-3.187908	-1.581028	-1.161875	-1.995683	-2.129045	-3.261029	-1.380176	0.181280	-8.938732	-8.512237	3.585676	-0.003580	2.228395	6.661387	-2.078295	-1.485411	0.325965	-3.906095	-3.455156	2.324315	0.047442	1.654463	-1.388347	-0.662093	4.464741	-1.510235	2.085133	-0.877543	-3.537378	-2.185658	-3.226641	-4.029024	0.816460	-0.115576	-3.014629	-1.051960	6.992149	-2.525000	4.070202	2.915117	-1.460938	-0.317283	4.439972	-0.878320	-0.356860	-0.022510	-1.985863	3.099491
2018-12-19	-1.709667	-3.642384	-3.623188	-3.973778	-1.088953	-3.091451	-5.867283	-3.507025	-1.715774	2.220016	-11.740891	-10.750283	-0.259691	-1.071065	-0.177945	4.850574	-2.935427	-1.442892	0.675171	-5.416750	-5.233496	2.733265	0.269987	-0.567550	-2.524995	-0.566912	3.548715	-2.355859	1.266187	-1.344158	-4.407411	-1.729225	-3.243910	-4.797732	0.104623	-0.471279	-2.797772	-0.244563	6.186489	-3.841336	3.051731	2.483588	-1.599107	-2.188552	2.462262	-1.801802	-0.608144	-0.934474	-4.151750	1.644970
2018-12-20	-4.239701	-4.334071	-4.074974	-4.390521	-3.047219	-2.443831	-8.509887	-3.831630	-2.404755	1.746750	-11.352901	-13.510003	-1.387477	0.572560	-0.828016	4.906845	-3.772208	-0.555767	-0.644855	-4.676367	-3.919600	1.191052	1.523109	-1.528541	-3.956672	-2.735781	0.283898	-2.355897	-1.493643	-1.759296	-5.831028	-2.766604	-3.668888	-3.556754	-1.605505	-2.225585	-4.117566	-0.430036	-0.243191	-2.866144	1.300149	-1.259655	-3.466269	-2.542161	1.686174	-3.683532	-1.098029	-1.802817	-4.417904	0.698556
2018-12-21	-5.682173	-4.681797	-3.054393	-3.831137	-5.400421	-4.556233	-9.905206	-6.657988	-2.537246	2.662033	-11.082737	-17.330892	-4.618760	-3.876938	-2.075338	5.659257	-5.226794	-2.788175	-1.192417	-4.192964	-4.466930	1.262916	-0.598248	-1.432848	-4.793074	-3.367003	0.406194	-2.819777	-2.929181	-1.641313	-6.543496	-2.450053	-5.257134	-3.453466	-1.418160	-2.826320	-5.627465	-1.313959	-1.488192	-6.262061	0.895222	-1.598953	-4.533566	-2.735182	0.272287	-4.922745	-0.767704	-3.262956	-5.268991	-2.134472
第四部分：聚宽因子分析方法获取因子数据说明

聚宽因子分析方法说明：https://www.joinquant.com/help/api/help?name=factor

#自定义因子-日内涨跌幅因子
class Diy_factor(Factor):
    # 设置因子名称
    name = 'diy_factor'
    # 设置获取数据的时间窗口长度
展开代码 ↓    
.dataframe tbody tr th:only-of-type { vertical-align: middle; } .dataframe tbody tr th { vertical-align: top; } .dataframe thead th { text-align: right; }
	600000.XSHG	600016.XSHG	600019.XSHG	600028.XSHG	600029.XSHG	600030.XSHG	600036.XSHG	600048.XSHG	600050.XSHG	600104.XSHG	600196.XSHG	600276.XSHG	600309.XSHG	600340.XSHG	600519.XSHG	600547.XSHG	600585.XSHG	600606.XSHG	600690.XSHG	600703.XSHG	600887.XSHG	601006.XSHG	601088.XSHG	601138.XSHG	601166.XSHG	601169.XSHG	601186.XSHG	601211.XSHG	601229.XSHG	601288.XSHG	601318.XSHG	601328.XSHG	601336.XSHG	601360.XSHG	601390.XSHG	601398.XSHG	601601.XSHG	601628.XSHG	601668.XSHG	601688.XSHG	601766.XSHG	601800.XSHG	601818.XSHG	601857.XSHG	601888.XSHG	601939.XSHG	601988.XSHG	601989.XSHG	603259.XSHG	603993.XSHG
2018-08-15	-0.000437	-0.000892	0.000599	0.003014	-0.004226	-0.000759	0.000033	-0.000559	0.004006	-0.005538	-0.005361	-0.000793	-0.001716	-0.004406	-0.005679	-0.000043	0.001915	0.000467	-0.009516	-0.006397	-0.003999	-0.001176	0.000128	-0.004771	0.000687	0.001582	0.009591	-0.001005	0.001830	0.002397	-0.001555	-0.000563	0.000666	-0.005798	0.000000	0.001863	0.000417	-0.002062	0.003762	0.000872	0.007645	0.005992	0.000108	0.006414	-0.009349	0.003108	0.000466	0.002559	-0.006209	-0.010806
2018-08-16	0.000461	0.000179	0.000350	0.003175	-0.000808	0.000662	0.001362	0.002883	0.007420	-0.006460	-0.004516	-0.000951	-0.002620	-0.002522	-0.005619	0.000589	0.003176	0.001420	-0.009016	-0.007206	-0.003445	0.000655	0.001418	-0.003315	0.001765	0.001996	0.009365	0.000472	0.003197	0.003034	-0.000667	0.000035	0.001979	-0.004416	0.000000	0.002447	0.002679	-0.000902	0.004533	0.002138	0.008020	0.006347	0.000709	0.006422	-0.010333	0.003867	0.001414	0.002770	-0.003068	-0.008635
2018-08-17	-0.000199	0.000181	-0.001754	0.002132	-0.001153	-0.000452	0.000246	0.002276	0.004926	-0.005949	-0.008174	-0.002255	-0.003705	-0.003280	-0.007442	0.000447	-0.000060	0.000949	-0.010523	-0.008303	-0.004307	-0.000668	0.001022	-0.004109	0.000924	0.001324	0.006242	-0.000359	0.003079	0.003423	-0.001892	-0.000124	0.001701	-0.005588	0.000000	0.002724	0.002121	-0.002370	0.002285	0.000720	0.005919	0.004412	0.000410	0.007106	-0.012633	0.003541	0.001256	0.002711	-0.004026	-0.009693
2018-08-20	-0.001792	-0.001022	-0.001987	0.002121	-0.001198	-0.001264	-0.002872	0.001822	0.006228	-0.006977	-0.007955	-0.003890	-0.003094	-0.003275	-0.006507	0.000375	-0.000135	0.000871	-0.009120	-0.007407	-0.005173	-0.000636	0.000964	-0.004321	-0.000354	0.000518	0.005541	-0.000810	0.001780	0.001795	-0.002927	-0.000840	-0.001768	-0.005504	-0.001932	0.000640	0.000311	-0.003913	0.002192	-0.001039	0.005363	0.004066	-0.000754	0.007351	-0.012586	0.001250	0.000491	0.002909	-0.004733	-0.009136
2018-08-21	-0.002311	-0.001575	-0.003980	0.001753	-0.001697	-0.002169	-0.003567	-0.000467	0.005402	-0.006447	-0.007112	-0.000803	-0.004583	-0.003538	-0.004515	0.001139	-0.000775	0.000341	-0.007300	-0.009044	-0.003114	-0.000601	-0.000904	-0.004327	-0.001332	-0.000784	0.005109	-0.001225	0.001198	0.000910	-0.002250	-0.001176	-0.001067	-0.005420	0.000736	-0.000204	0.000901	-0.003901	-0.000971	-0.001784	0.003965	0.000803	-0.001033	0.006417	-0.007568	0.000661	-0.000039	0.002079	-0.001796	-0.009950
数据格式说明

示例方法中基本上都是获取到datafra格式（默认大家已经对pandas有一定了解） 需要注意的是

index是因子日期
columns是股票名称
values是因子值

因子分析部分说明

# 使用自定义因子的类进行单因子分析
far = analyze_factor(factor=factor_bais_df, start_date=date_start, end_date=date_end,weight_method='avg',universe='000016.XSHG', industry='jq_l1', quantiles=5, periods=(1,5,10))
far.ic_monthly #月度信息比率

far.plot_information_table(group_adjust=False, method='rank')

IC 分析

.dataframe thead tr:only-child th { text-align: right; } .dataframe thead th { text-align: left; } .dataframe tbody tr th { vertical-align: top; }
	period_1	period_5	period_10
IC Mean	0.000	-0.012	-0.037
IC Std.	0.256	0.263	0.236
Risk-Adjusted IC	0.002	-0.045	-0.155
t-stat(IC)	0.019	-0.472	-1.628
p-value(IC)	0.985	0.638	0.106
IC Skew	-0.120	-0.143	-0.179
IC Kurtosis	-0.537	-0.495	-0.510
far.plot_ic_ts(group_adjust=False, method='rank')

<matplotlib.figure.Figure at 0x7f7206fd59b0>

自定义因子进行效果检查

#自定义数据
data_factor2 = get_price(pool,start_date='2017-01-01',end_date='2017-06-01',fields=['close'])['close']
data_factor1 = get_price(pool,start_date='2017-01-01',end_date='2017-06-01',fields=['pre_close'])['pre_close']
data_test = data_factor2/data_factor1 - 1
data_test.head(3)

.dataframe tbody tr th:only-of-type { vertical-align: middle; } .dataframe tbody tr th { vertical-align: top; } .dataframe thead th { text-align: right; }
	600000.XSHG	600016.XSHG	600019.XSHG	600028.XSHG	600029.XSHG	600030.XSHG	600036.XSHG	600048.XSHG	600050.XSHG	600104.XSHG	600196.XSHG	600276.XSHG	600309.XSHG	600340.XSHG	600519.XSHG	600547.XSHG	600585.XSHG	600606.XSHG	600690.XSHG	600703.XSHG	600887.XSHG	601006.XSHG	601088.XSHG	601138.XSHG	601166.XSHG	601169.XSHG	601186.XSHG	601211.XSHG	601229.XSHG	601288.XSHG	601318.XSHG	601328.XSHG	601336.XSHG	601360.XSHG	601390.XSHG	601398.XSHG	601601.XSHG	601628.XSHG	601668.XSHG	601688.XSHG	601766.XSHG	601800.XSHG	601818.XSHG	601857.XSHG	601888.XSHG	601939.XSHG	601988.XSHG	601989.XSHG	603259.XSHG	603993.XSHG
2017-01-03	0.005742	0.002774	0.000000	0.018908	0.001462	0.008475	0.020644	0.005821	0.017857	0.018554	0.022999	0.011012	0.060839	-0.000440	0.001233	0.006900	0.024984	0.004938	0.005236	0.042049	0.005415	0.018433	0.000749	NaN	0.006036	0.013228	0.003460	0.006780	0.014003	0.003546	0.007111	0.005714	0.028192	0.012007	0.008102	0.00495	0.009029	0.048147	0.000000	0.018692	0.007463	0.006807	0.011019	0.002597	0.000000	0.008032	0.009585	0.035361	NaN	0.008242
2017-01-04	0.001631	0.000000	0.018836	0.010309	0.010219	0.001939	0.003569	0.002315	-0.001350	0.016815	0.004756	0.012594	0.038419	0.012764	0.051857	0.003838	-0.003656	0.006143	0.010417	-0.002201	0.011969	0.010558	0.006731	NaN	0.005333	-0.001305	0.017241	0.003928	0.004874	0.000000	-0.000883	0.001894	0.001360	0.011017	0.027555	0.00000	0.005966	0.002846	0.011628	0.013761	0.010582	0.010142	0.002725	0.003886	0.001418	0.000000	0.000000	0.004098	NaN	0.013624
2017-01-05	-0.001629	-0.002766	0.001681	0.032653	0.008671	-0.004516	0.004149	-0.002309	0.055405	-0.010106	-0.007315	0.000336	-0.010188	0.003042	-0.014688	0.019388	0.007951	-0.009768	0.000000	0.019118	-0.001183	0.028358	0.000000	NaN	0.000663	0.001307	-0.005085	-0.005590	-0.008892	0.003534	0.002356	-0.001890	-0.003847	-0.006706	0.001117	0.00000	0.005560	0.002027	-0.004926	-0.005090	-0.004188	-0.002008	-0.005435	0.019355	0.007082	0.000000	-0.003165	0.014966	NaN	0.000000
#使用自定义因子的类进行单因子分析
far = analyze_factor(factor=data_test, start_date='2017-01-01', end_date='2017-06-01',weight_method='mktcap',universe='000300.XSHG', industry='jq_l1', quantiles=8, periods=(1,5,22))
#分析结束后通过不同属性获取数据
far.ic_monthly #月度信息比率

.dataframe tbody tr th:only-of-type { vertical-align: middle; } .dataframe tbody tr th { vertical-align: top; } .dataframe thead th { text-align: right; }
	period_1	period_5	period_22
2017-01	-0.074278	-0.031595	0.026552
2017-02	-0.106855	-0.039103	0.020207
2017-03	-0.035331	-0.024894	0.074669
2017-04	0.127436	0.101356	0.079283
2017-05	0.054873	0.057465	0.078632
2017-06	-0.190647	0.122910	-0.342426
far.plot_information_table(group_adjust=False, method='rank')

IC 分析

.dataframe thead tr:only-child th { text-align: right; } .dataframe thead th { text-align: left; } .dataframe tbody tr th { vertical-align: top; }
	period_1	period_5	period_22
IC Mean	0.008	0.020	0.125
IC Std.	0.186	0.194	0.165
Risk-Adjusted IC	0.044	0.101	0.760
t-stat(IC)	0.274	0.621	4.686
p-value(IC)	0.786	0.539	0.000
IC Skew	-0.153	0.057	-0.548
IC Kurtosis	-0.258	-0.505	-0.886
far.plot_ic_ts(group_adjust=False, method='rank')

<matplotlib.figure.Figure at 0x7f71b2fc2a58>

